# oST version 5.0 parameters


[image]

width
640

height
480

[narrow_stereo]

camera matrix
672.308281 0.000000 363.617891
0.000000 675.717019 255.604340
0.000000 0.000000 1.000000

distortion
-0.184694 -0.165052 -0.004354 -0.000480 0.000000

rectification
1.000000 0.000000 0.000000
0.000000 1.000000 0.000000
0.000000 0.000000 1.000000

projection
627.540100 0.000000 370.283429 0.000000
0.000000 655.295105 254.858472 0.000000
0.000000 0.000000 1.000000 0.000000
